0 395565252 25538975
25538975 668468772 15388105
40927080 32209047 292134987
333062067 2316624216 6051173
339113240 1922431267 121284229
460397469 2512559211 69041956
529439425 908821722 476634275
1006073700 2043715496 73235752
1079309452 421104227 27455821
1106765273 448560048 219908724
1326673997 2452133400 34144541
1360818538 2322675389 129458011
1490276549 2581601167 26098732
1516375281 2116951248 199672968
1716048249 1385455997 91409968
1807458217 683856877 224964845
2032423062 2486277941 26281270
2058704332 0 32209047
2090913379 324344034 71221218
2162134597 1476865965 445565302
2764269134 4171262830 40536540
2804805674 3018690414 130533369
2935339043 3149223783 870326698
3805665741 4211799370 83167926
3888833667 2764269134 115371024
4004204691 4019550481 43244121
4047448812 4062794602 108468228
4155917040 2879640158 139050256
