0 1224918384 36442655
36442655 715153413 80022538
116465193 2102280375 188031053
304496246 795175951 115896188
420392434 0 103791186
524183620 1261361039 34450583
558634203 1059650932 165267452
723901655 638793230 74616934
798518589 911072139 34535275
833053864 1953862956 120883776
953937640 2290311428 4713123
958650763 2074746732 3056214
961706977 189257387 148838205
1110545182 1935901144 17961812
1128506994 1008723417 50927515
1179434509 945607414 63116003
1242550512 1892491077 43410067
1285960579 103791186 85466201
1371426780 338095592 84279191
1455705971 1506174459 386316618
1842022589 1295811622 210362837
2052385426 713410164 1743249
2054128675 422374783 216418447
2270547122 2077802946 24477429
2311039190 3730098972 114585168
2425624358 2311039190 187630064
2613254422 4088834560 206132736
2819387158 2889374671 183091773
3002478931 3844684140 48651646
3051130577 2566857633 322517038
3373647615 3893335786 195498774
3569146389 2498669254 68188379
3637334768 3072466444 59645048
3696979816 3698028849 32070123
3729049939 3132111492 565917357
