0 242661076 10731898
10731898 1377341408 167715810
178447708 2777206247 232083253
410530961 1545057218 121777332
532308293 2303434090 61476099
593784392 3009289500 824592362
1418376754 1799453255 39205335
1457582089 2364910189 46042648
1503624737 2246406621 16132924
1519757661 1666834550 130335907
1650093568 133993362 88826393
1738919961 2189748071 56658550
1795578511 292133467 518088747
2313667258 0 133993362
2447660620 2410952837 250752296
2698412916 2661705133 115501114
2813914030 2262539545 40894545
2854808575 810222214 437268692
3292077267 1797170457 2282798
3294360065 253392974 38740493
3333100558 222819755 19841321
3352941879 1247490906 129850502
3482792381 1838658590 351089481
